image: levine_4.dwg.png

# 0.6m / (636-587) * 5 for the south corridor
# manually scaled up to 5x b/c original map is too small
resolution: 0.0612244898

origin: [-42.4897959212, -29.1428571448, 0]
occupied_thresh: 0.11
free_thresh: 0.10
negate: 0
